c = [-1,2,6,-10]
A = [[5,0,7,2],[0,0,4,5],[4,0,0,2],[-1,-2,7,8]]
b = [16,9,16,15]
bounds = [(0, None),(0,None),(0,None),(0,None)]
int_const = [1,0,1,0]

c = [-5,-6]
A = [[1, 1],[4,7]] 
b = [5,28]
bounds = [(0,None),(0,None)]
int_const = [1,1]

c = [-5,-8]
A = [[1, 1],[5,9]] 
b = [6,45]
bounds = [(0,None),(0,None)]
int_const = [1,1]


c = [1,2,6,10,10,-20,30,-15,25,10]
A = [[5,0,7,2,-5,4,2,7,1,10],[0,0,4,5,-12,-15,20,30,5,6],[4,0,0,2,5,2,4,-1,-3,-10],[-1,-2,7,8,12,3,8,-2,-8,-5]]
b = [30,30,30,30]
bounds = [(0, None),(0,None),(0,None),(0,None),(0,None),(0,None),(0,None),(0,None),(0,None),(0,None)]
int_const = [1,1,1,1,1,1,1,1,1,1]

c = [1,2,6,10,10,-20,30,-15,25,10,1,2,6,10,10,-20,30,-15,25,10]
A = [[5,0,7,2,-5,4,2,7,1,10,5,0,7,2,-5,4,2,7,1,10],[0,0,4,5,-12,-15,20,30,5,6,0,0,4,5,-12,-15,20,30,5,6],[4,0,0,2,5,2,4,-1,-3,-10,4,0,0,2,5,2,4,-1,-3,-10],[-1,-2,7,8,12,3,8,-2,-8,-5,-1,-2,7,8,12,3,8,-2,-8,-5]]
b = [30,30,30,30]
bounds = [(0, None),(0,None),(0,None),(0,None),(0,None),(0,None),(0,None),(0,None),(0,None),(0,None),(0, None),(0,None),(0,None),(0,None),(0,None),(0,None),(0,None),(0,None),(0,None),(0,None)]
int_const = [1,1,1,1,1,1,1,1,1,1,1,1,1,1,1,1,1,1,1,1]

c = [1,2,6,10,10,-20,30,-15,25,10]*3
A = [[5,0,7,2,-5,4,2,7,1,10,5,0,7,2,-5,4,2,7,1,10,5,0,7,2,-5,4,2,7,1,10],[0,0,4,5,-12,-15,20,30,5,6,0,0,4,5,-12,-15,20,30,5,6,0,0,4,5,-12,-15,20,30,5,6],[4,0,0,2,5,2,4,-1,-3,-10,4,0,0,2,5,2,4,-1,-3,-10,4,0,0,2,5,2,4,-1,-3,-10],[-1,-2,7,8,12,3,8,-2,-8,-5,-1,-2,7,8,12,3,8,-2,-8,-5,-1,-2,7,8,12,3,8,-2,-8,-5]]
b = [30,30,30,30]
bounds = [(0, None),(0,None),(0,None),(0,None),(0,None),(0,None),(0,None),(0,None),(0,None),(0,None)]*3
int_const = [1,1,1,1,1,1,1,1,1,1]*3